7
8
10
14
16
22
27
32
34
37
45
52
60
61
62
66
72
78
80
81
86
93
96
99
100
108
110
117
125
127
129
135
139
140
147
154
159
167
176
182
189
191
198
200
208
215
216
222
223
225
231
235
236
241
247
250
251
252
260
265
267
276
280
284
285
289
294
301
310
311
316
321
330
339
342
348
354
363
371
377
386
391
399
404
413
414
417
424
426
434
439
441
450
454
458
459
464
467
474
478
483
490
498
500
507
508
514
518
526
531
537
544
552
554
561
565
566
572
577
582
587
593
602
607
613
617
625
630
631
637
644
649
650
659
663
668
671
677
679
681
688
695
697
704
712
719
728
737
746
750
751
755
764
766
769
771
779
782
785
792
793
800
808
809
817
821
826
831
832
836
845
846
853
859
864
873
881
889
892
895
897
906
911
920
929
933
941
945
949
952
957
966
969
973
976
985
988
991
998
1005
1014
1019
1024
1032
1036
1043
1051
1055
1063
1067
1072
1079
1083
1092
1093
1101
1105
1113
1116
1121
1123
1132
1136
1137
1140
1141
1150
1157
1159
1164
1171
1178
1183
1192
1197
1200
1207
1211
1216
1225
1227
1233
1235
1238
1246
1248
1249
1257
1261
1269
1278
1281
1284
1291
1294
1303
1306
1310
1319
1325
1329
1332
1333
1335
1343
1352
1358
1361
1369
1371
1380
1385
1390
1395
1399
1408
1417
1422
1428
1433
1440
1448
1451
1458
1461
1470
1472
1477
1486
1488
1491
1497
1506
1514
1516
1522
1525
1533
1540
1547
1548
1556
1562
1564
1566
1567
1576
1585
1588
1595
1601
1604
1610
1616
1625
1626
1632
1638
1646
1652
1661
1668
1676
1685
1687
1696
1700
1708
1716
1722
1728
1734
1741
1748
1753
1757
1764
1771
1774
1776
1783
1788
1795
1804
1808
1817
1822
1826
1827
1833
1839
1841
1849
1853
1855
1864
1870
1873
1878
1880
1884
1891
1896
1901
1905
1911
1912
1921
1925
1928
1935
1937
1946
1949
1953
1957
1962
1969
1976
1980
1987
1988
1995
1999
2001
2007
2011
2012
2016
2023
2030
2035
2044
2045
2053
2060
2069
2070
2078
2082
2085
2090
2097
2101
2102
2109
2111
2120
2123
2131
2140
2149
2158
2160
2169
2176
2182
2186
2191
2195
2199
2207
2214
2215
2216
2218
2222
2225
2230
2237
2244
2247
2252
2255
2256
2258
2265
2272
2279
2283
2285
2287
2294
2303
2308
2310
2311
2315
2324
2325
2328
2333
2342
2347
2354
2363
2370
2376
2377
2382
2385
2386
2388
2396
2402
2404
2411
2412
2417
2423
2430
2438
2441
2445
2450
2452
2458
2459
2460
2469
2475
2479
2487
2496
2504
2506
2512
2519
2523
2525
2526
2529
2535
2539
2540
2541
2550
2552
2559
2566
2573
2575
2582
2590
2597
2603
2605
2614
2621
2622
2630
2635
2641
2644
2648
2654
2656
2662
2666
2671
2674
2683
2685
2693
2696
2704
2709
2718
2724
2726
2732
2740
2748
2755
2757
2759
2768
2777
2786
2792
2797
2806
2813
2816
2822
2827
2831
2832
2838
2845
2853
2854
2859
2866
2873
2878
2882
2884
2887
2888
2894
2902
2909
2916
2919
2928
2930
2931
2938
2942
2945
2950
2951
2956
2957
2961
2969
2972
2973
2977
2981
2986
2987
2990
2997
3003
3004
3008
3011
3015
3024
3031
3035
3044
3045
3053
3056
3065
3071
3080
3086
3087
3089
3094
3101
3107
3115
3116
3123
3131
3133
3134
3136
3145
3152
3159
3165
3170
3174
3181
3187
3196
3201
3207
3216
3221
3222
3229
3231
3234
3241
3249
3252
3254
3261
3268
3269
3273
3276
3280
3288
3290
3296
3305
3313
3316
3321
3325
3333
3339
3347
3354
3359
3365
3368
3372
3376
3379
3381
3385
3388
3396
3405
3409
3415
3420
3425
3431
3436
3441
3442
3444
3453
3458
3461
3470
3472
3477
3482
3485
3490
3491
3497
3499
3505
3506
3511
3518
3520
3528
3533
3540
3543
3545
3546
3555
3561
3562
3563
3565
3571
3574
3579
3583
3592
3593
3597
3600
3601
3608
3614
3616
3625
3628
3635
3639
3646
3649
3650
3651
3656
3663
3670
3674
3679
3684
3690
3696
3700
3702
3711
3712
3713
3717
3718
3723
3727
3731
3734
3742
3751
3754
3755
3756
3761
3768
3772
3779
3788
3794
3797
3798
3800
3807
3811
3820
3823
3827
3830
3836
3841
3849
3856
3858
3866
3871
3880
3881
3890
3897
3900
3906
3915
3917
3926
3931
3937
3945
3953
3959
3964
3967
3969
3977
3980
3983
3990
3994
3998
4005
4014
4022
4027
4028
4030
4032
4041
4045
4049
4050
4052
4058
4067
4070
4079
4080
4083
4084
4090
4098
4102
4105
4108
4111
4118
4121
4122
4128
4137
4139
4148
4151
4155
4157
4160
4161
4168
4176
4182
4184
4193
4200
4206
4213
4218
4226
4229
4231
4233
4241
4249
4257
4263
4266
4273
4277
4278
4285
4290
4291
4294
4297
4301
4303
4312
4318
4323
4329
4334
4341
4347
4353
4355
4361
4370
4378
4383
4389
4397
4404
4407
4413
4419
4421
4424
4427
4435
4439
4443
4449
4454
4463
4465
4468
4477
4480
4484
4488
4497
4506
4513
4516
4524
4530
4536
4540
4548
4555
4562
4566
4569
4575
4584
4592
4595
4600
4605
4613
4615
4623
4630
4639
4647
4650
4653
4659
4664
4669
4672
4677
4685
4691
4693
4695
4698
4706
4710
4717
4723
4729
4734
4738
4742
4747
4748
4750
4751
4756
4758
4767
4772
4778
4786
4794
4802
4810
4813
4814
4815
4823
4826
4832
4838
4845
4850
4857
4864
4867
4876
4877
4878
4885
4890
4895
4897
4902
4904
4909
4916
4921
4925
4926
4934
4936
4942
4943
4944
4947
4955
4957
4963
4965
4966
4970
4976
4983
4989
4997
4998
5001
5010
5012
5021
5024
5028
5034
5043
5047
5052
5055
5060
5068
5072
5081
5090
5098
5104
5113
5116
5121
5128
5133
5135
5137
5140
5142
5143
5146
5147
5149
5156
5162
5168
5170
5175
5178
5186
5189
5194
5196
5205
5211
5213
5222
5224
5231
5233
5236
5242
5250
5254
5263
5265
5269
5272
5276
5284
5290
5297
5305
5312
5319
5320
5322
5324
5327
5333
5335
5344
5345
5346
5352
5360
5366
5374
5378
5382
5390
5391
5397
5399
5402
5407
5416
5422
5428
5434
5441
5444
5446
5453
5461
5470
5475
5477
5482
5487
5492
5496
5500
5508
5509
5510
5514
5518
5524
5532
5541
5549
5550
5559
5563
5568
5575
5576
5583
5585
5592
5596
5598
5602
5609
5614
5623
5632
5638
5646
5653
5657
5659
5662
5668
5669
5670
5677
5680
5687
5691
5693
5698
5706
5709
5710
5716
5721
5722
5727
5733
5735
5744
5745
5747
5755
5759
5765
5768
5774
5778
5780
5785
5788
5792
5801
5808
5812
5817
5820
5828
5833
5836
5838
5843
5847
5851
5860
5866
5868
5877
5882
5886
5893
5897
5901
5905
5912
5918
5925
5930
5932
5934
5940
5949
5955
5963
5971
5974
5980
5989
5993
5995
6003
6007
6015
6021
6025
6029
6036
6040
6041
6042
6050
6059
6064
6071
6079
6088
6091
6099
6108
6109
6113
6115
6124
6133
6134
6135
6138
6144
6148
6154
6162
6163
6170
6175
6181
6187
6190
6195
6201
6209
6210
6214
6221
6230
6235
6236
6238
6244
6253
6262
6266
6274
6280
6283
6289
6294
6303
6308
6316
6317
6318
6326
6330
6338
6347
6355
6358
6361
6367
6368
6369
6376
6384
6389
6392
6401
6406
6412
6420
6425
6433
6434
6438
6439
6440
6447
6456
6457
6458
6461
6470
6474
6478
6487
6494
6497
6502
6505
6512
6521
6529
6536
6542
6550
6552
6556
6560
6568
6575
6583
6585
6586
6595
6596
6602
6605
6609
6614
6618
6619
6628
6636
6645
6652
6654
6662
6663
6667
6670
6671
6679
6684
6690
6699
6704
6707
6713
6721
6726
6727
6734
6739
6741
6748
6755
6758
6765
6770
6776
6778
6780
6782
6786
6791
6793
6800
6801
6802
6807
6809
6811
6819
6826
6832
6835
6843
6847
6850
6851
6859
6861
6868
6869
6877
6879
6883
6886
6890
6895
6896
6900
6904
6907
6913
6916
6925
6929
6936
6942
6944
6948
6952
6961
6968
6970
6974
6980
6985
6988
6990
6999
7003
7006
7014
7023
7027
7034
7039
7048
7050
7053
7054
7059
7067
7070
7077
7084
7092
7093
7102
7109
7110
7119
7125
7134
7141
7148
7151
7155
7157
7158
7165
7170
7176
7185
7193
7202
7211
7214
7218
7224
7225
7232
7237
7238
7241
7245
7247
7249
7256
7258
7266
7269
7278
7286
7293
7299
7301
7310
7319
7325
7328
7329
7336
7343
7351
7352
7359
7360
7365
7373
7376
7384
7385
7387
7392
7396
7402
7403
7411
7420
7423
7429
7430
7432
7435
7441
7447
7456
7457
7461
7462
7465
7472
7473
7481
7485
7487
7494
7496
7505
7513
7514
7522
7530
7533
7534
7538
7543
7549
7553
7556
7560
7561
7562
7569
7576
7584
7585
7588
7597
7600
7603
7604
7613
7620
7624
7625
7626
7634
7638
7641
7646
7655
7659
7663
7667
7670
7675
7679
7686
7688
7697
7700
7704
7712
7713
7716
7724
7726
7730
7733
7742
7747
7748
7751
7757
7766
7769
7776
7783
7791
7800
7807
7810
7815
7823
7825
7830
7831
7834
7837
7841
7849
7856
7862
7866
7869
7872
7878
7881
7886
7894
7896
7899
7908
7909
7917
7923
7931
7935
7942
7944
7949
7955
7964
7965
7972
7981
7982
7987
7993
8000
8008
8013
8021
8026
8028
8036
8040
8046
8051
8057
8064
8073
8075
8077
8079
8084
8086
8090
8092
8101
8110
8116
8121
8122
8130
8136
8144
8150
8151
8156
8158
8161
8162
8165
8173
8176
8178
8180
8187
8189
8193
8198
8202
8209
8210
8219
8222
8224
8233
8238
8244
8249
8253
8262
8263
8270
8279
8288
8295
8302
8309
8317
8320
8324
8332
8340
8344
8348
8349
8356
8360
8367
8372
8378
8380
8385
8387
8389
8398
8407
8416
8421
8422
8428
8436
8437
8443
8447
8452
8456
8461
8466
8470
8477
8483
8490
8498
8504
8513
8519
8525
8527
8535
8540
8541
8550
8557
8566
8575
8576
8577
8585
8589
8598
8605
8614
8615
8618
8624
8625
8627
8631
8633
8641
8647
8654
8660
8665
8674
8680
8681
8689
8694
8695
8699
8701
8707
8713
8718
8723
8726
8731
8740
8744
8750
8753
8759
8762
8765
8772
8775
8782
8783
8790
8792
8795
8799
8803
8811
8815
8820
8829
8837
8844
8850
8859
8863
8869
8878
8883
8892
8898
8904
8907
8914
8920
8929
8931
8934
8937
8941
8946
8949
8954
8958
8960
8962
8964
8968
8977
8984
8988
8991
8992
8998
8999
9002
9005
9008
9017
9018
9021
9026
9032
9041
9042
9050
9057
9061
9067
9071
9075
9082
9090
9097
9103
9110
9113
9122
9125
9127
9130
9133
9137
9139
9140
9146
9152
9159
9163
9170
9173
9174
9177
9182
9185
9186
9189
9195
9200
9201
9210
9215
9222
9223
9226
9227
9228
9234
9236
9239
9248
9251
9254
9261
9262
9271
9279
9283
9286
9292
9293
9298
9303
9304
9309
9318
9323
9326
9330
9338
9343
9344
9349
9353
9358
9361
9366
9370
9372
9377
9381
9390
9395
9400
9409
9416
9422
9431
9433
9441
9445
9453
9460
9465
9474
9482
9486
9491
9492
9493
9502
9503
9506
9507
9510
9513
9521
9529
9534
9541
9546
9549
9555
9556
9565
9574
9579
9583
9586
9588
9595
9600
9601
9609
9617
9626
9630
9635
9644
9650
9656
9662
9671
9678
9682
9688
9690
9695
9701
9705
9711
9717
9723
9731
9740
9749
9751
9760
9766
9773
9775
9777
9786
9789
9794
9795
9802
9803
9804
9813
9817
9822
9828
9835
9838
9846
9854
9859
9860
9864
9865
9872
9879
9881
9883
9887
9896
9905
9906
9913
9921
9925
9931
9938
9945
9949
9955
9963
9965
9971
9975
9980
9981
9986
9993
10002
10004
10008
10014
10016
10018
10020
10022
10027
10036
10045
10046
10055
10059
10066
10069
10077
10084
10093
10100
10107
10111
10118
10122
10126
10131
10135
10139
10142
10145
10154
10157
10159
10164
10173
10180
10182
10191
10195
10197
10205
10207
10210
10215
10216
10220
10222
10224
10229
10237
10242
10243
10251
10253
10260
10263
10272
10274
10281
10290
10298
10305
10308
10316
10318
10326
10333
10342
10348
10356
10363
10364
10367
10368
10374
10382
10385
10393
10401
10404
10405
10406
10410
10419
10426
10433
10440
10447
10455
10462
10463
10468
10476
10477
10480
10482
10489
10491
10495
10501
10503
10505
10511
10513
10519
10523
10524
10532
10539
10541
10550
10553
10554
10560
10563
10566
10569
10573
10574
10575
10582
10585
10594
10596
10604
10612
10613
10620
10623
10632
10641
10643
10644
10647
10651
10652
10660
10661
10665
10674
10682
10683
10691
10696
10702
10706
10710
10718
10721
10730
10734
10735
10744
10747
10754
10756
10765
10774
10779
10785
10791
10797
10806
10810
10814
10821
10825
10834
10840
10843
10849
10857
10859
10865
10866
10869
10870
10873
10881
10889
10895
10897
10898
10907
10915
10916
10921
10927
10931
10940
10948
10949
10958
10963
10971
10978
10980
10986
10988
10997
10998
11002
11008
11009
11013
11014
11018
11026
11029
11032
11041
11046
11051
11052
11053
11058
11062
11064
11071
11074
11076
11079
11085
11094
11101
11107
11115
11124
11129
11138
11144
11145
11149
11152
11158
11161
11162
11165
11174
11181
11189
11190
11197
11201
11209
11216
11224
11229
11234
11238
11245
11250
11253
11254
11255
11261
11263
11271
11276
11280
11288
11290
11294
11298
11300
11304
11306
11307
11308
11316
11323
11325
11329
11330
11334
11343
11348
11352
11356
11365
11374
11377
11384
11393
11395
11400
11404
11413
11418
11427
11434
11441
11449
11451
11459
11466
11473
11475
11483
11486
11495
11497
11503
11512
11515
11522
11531
11532
11539
11541
11545
11549
11551
11560
11562
11566
11573
11582
11589
11596
11605
11606
11614
11621
11629
11637
11644
11651
11660
11664
11668
11675
11684
11685
11693
11694
11702
11705
11712
11714
11723
11730
11734
11737
11739
11741
11750
11755
11756
11759
11763
11771
11773
11781
11786
11791
11795
11804
11809
11818
11825
11830
11834
11840
11845
11852
11858
11862
11867
11876
11879
11883
11888
11890
11894
11903
11906
11914
11922
11924
11931
11933
11939
11947
11956
11959
11964
11973
11978
11984
11993
11998
11999
12007
12013
12017
12024
12026
12027
12029
12032
12038
12043
12050
12053
12055
12061
12065
12073
12079
12083
12084
12089
12096
12097
12100
12104
12112
12121
12129
12134
12137
12138
12146
12149
12158
12164
12171
12178
12186
12190
12196
12203
12208
12215
12220
12225
12226
12233
12241
12244
12247
12250
12257
12258
12263
12269
12276
12281
12285
12288
12296
12303
12312
12316
12324
12328
12335
12337
12339
12343
12352
12354
12356
12360
12365
12371
12374
12382
12390
12397
12406
12408
12413
12418
12423
12428
12435
12444
12450
12457
12460
12464
12472
12475
12481
12482
12490
12492
12494
12502
12505
12511
12516
12517
12521
12528
12530
12535
12540
12544
12549
12550
12552
12556
12562
12566
12573
12574
12582
12588
12591
12592
12597
12603
12611
12614
12623
12627
12628
12629
12633
12635
12639
12642
12650
12653
12655
12663
12670
12672
12676
12682
12683
12686
12695
12696
12704
12709
12711
12713
12717
12719
12724
12731
12732
12738
12747
12749
12755
12760
12769
12770
12775
12778
12779
12787
12790
12793
12801
12809
12811
12820
12821
12828
12832
12836
12842
12844
12847
12855
12857
12859
12863
12864
12872
12877
12885
12891
12900
12902
12906
12914
12920
12929
12931
12932
12938
12945
12950
12955
12961
12966
12975
12982
12990
12995
12996
13003
13012
13018
13024
13028
13034
13040
13045
13053
13054
13059
13066
13072
13080
13081
13086
13091
13099
13101
13110
13117
13125
13132
13135
13136
13142
13146
13154
13163
13168
13174
13183
13185
13192
13199
13206
13207
13216
13217
13224
13231
13232
13239
13241
13242
13247
13249
13257
13262
13271
13277
13278
13279
13282
13287
13291
13296
13305
13314
13320
13323
13330
13331
13337
13344
13349
13352
13357
13358
13366
13370
13377
13385
13393
13396
13401
13409
13412
13414
13423
13430
13435
13443
13444
13449
13457
13466
13467
13474
13480
13481
13483
13484
13489
13496
13502
13506
13512
13515
13516
13525
13531
13537
13543
13550
13553
13559
13566
13572
13578
13586
13587
13590
13596
13605
13608
13610
13613
13614
13617
13624
13626
13631
13635
13637
13642
13645
13654
13662
13671
13675
13682
13688
13693
13695
13700
13702
13710
13719
13728
13731
13732
13733
13736
13740
13749
13757
13758
13767
13770
13772
13773
13778
13787
13788
13789
13797
13806
13810
13818
13824
13825
13826
13833
13842
13849
13853
13862
13864
13868
13869
13878
13881
13890
13895
13900
13905
13913
13915
13922
13930
13937
13941
13945
13946
13949
13957
13960
13965
13970
13972
13978
13979
13983
13987
13992
13994
13997
13998
14004
14012
14013
14018
14024
14026
14031
14040
14047
14050
14057
14058
14062
14069
14073
14075
14082
14091
14096
14102
14109
14117
14123
14130
14135
14142
14146
14148
14154
14160
14164
14173
14182
14188
14197
14200
14208
14212
14213
14218
14220
14223
14228
14233
14239
14244
14249
14254
14257
14262
14264
14271
14273
14274
14281
14290
14292
14301
14307
14309
14312
14321
14329
14337
14338
14343
14349
14356
14365
14368
14374
14379
14383
14392
14400
14405
14407
14411
14413
14421
14428
14433
14435
14440
14445
14453
14458
14465
14469
14470
14474
14475
14478
14485
14493
14499
14500
14504
14510
14513
14519
14527
14532
14537
14543
14547
14553
14554
14558
14559
14562
14570
14579
14583
14585
14588
14592
14596
14604
14612
14618
14623
14632
14634
14636
14637
14645
14651
14653
14659
14661
14670
14671
14676
14685
14687
14691
14693
14701
14709
14717
14719
14727
14728
14734
14739
14747
14748
14756
14760
14767
14773
14779
14781
14783
14789
14798
14807
14808
14816
14820
14827
14832
14839
14840
14849
14858
14863
14864
14869
14873
14880
14881
14889
14898
14906
14909
14918
14924
14931
14937
14939
14941
14944
14953
14960
14966
14974
14975
14977
14979
14982
14983
14987
14996
14999
15006
15011
15019
15021
15025
15031
15032
15035
15036
15039
15040
15043
15049
15054
15063
15072
15081
15083
15090
15098
15102
15103
15104
15107
15115
15118
15124
15129
15133
15135
15136
15141
15148
15153
15154
15163
15166
15174
15180
15187
15195
15199
15202
15209
15215
15221
15229
15231
15234
15236
15244
15253
15256
15265
15274
15280
15288
15290
15295
15303
15311
15312
15315
15321
15322
15328
15334
15338
15344
15350
15357
15361
15369
15375
15383
15384
15387
15388
15394
15395
15399
15406
15414
15415
15416
15423
15429
15437
15439
15441
15444
15449
15453
15460
15463
15468
15476
15477
15481
15490
15493
15499
15502
15511
15512
15513
15522
15525
15528
15530
15535
15536
15538
15542
15549
15552
15561
15568
15575
15580
15582
15590
15595
15601
15603
15606
15612
15621
15627
15635
15642
15644
15646
15652
15653
15654
15656
15660
15665
15668
15676
15682
15690
15691
15699
15708
15714
15718
15725
15732
15733
15735
15740
15747
15756
15763
15771
15772
15781
15782
15791
15799
15808
15814
15815
15824
15832
15834
15842
15845
15846
15850
15854
15861
15869
15871
15873
15879
15881
15890
15895
15899
15903
15906
15915
15916
15917
15919
15922
15925
15933
15935
15943
15946
15947
15956
15963
15966
15967
15973
15978
15983
15985
15987
15995
16000
16006
16009
16016
16017
16019
16020
16025
16031
16032
16034
16036
16040
16044
16048
16053
16060
16068
16074
16078
16081
16090
16096
16104
16107
16115
16122
16126
16129
16136
16145
16150
16158
16167
16172
16178
16184
16185
16189
16198
16205
16208
16214
16217
16219
16225
16227
16230
16231
16238
16240
16241
16245
16248
16256
16259
16260
16265
16270
16273
16274
16279
16288
16295
16302
16306
16315
16319
16324
16327
16332
16340
16343
16344
16346
16348
16352
16354
16355
16359
16367
16372
16375
16384
16385
16393
16395
16404
16407
16414
16421
16422
16428
16430
16436
16443
16447
16448
16456
16465
16467
16476
16485
16492
16500
16509
16512
16514
16517
16520
16521
16526
16529
16536
16537
16542
16549
16555
16563
16567
16569
16571
16573
16578
16587
16592
16593
16601
16603
16606
16610
16619
16620
16621
16622
16627
16635
16639
16648
16650
16659
16663
16672
16673
16682
16685
16694
16701
16705
16714
16721
16729
16730
16734
16735
16738
16745
16750
16755
16758
16763
16765
16772
16781
16784
16789
16798
16799
16806
16815
16822
16829
16837
16839
16842
16847
16851
16858
16867
16870
16878
16886
16888
16893
16894
16897
16903
16909
16910
16917
16926
16932
16937
16944
16948
16954
16963
16967
16975
16984
16989
16991
16997
16999
17005
17012
17013
17021
17028
17032
17041
17047
17051
17056
17060
17061
17062
17066
17074
17082
17087
17091
17094
17103
17106
17112
17116
17118
17122
17130
17138
17140
17149
17154
17158
17165
17173
17178
17186
17188
17190
17193
17196
17200
17205
17206
17212
17220
17223
17232
17234
17238
17243
17247
17249
17255
17258
17267
17276
17285
17289
17294
17296
17301
17310
17311
17319
17324
17330
17338
17340
17342
17343
17352
17357
17360
17367
17372
17374
17381
17384
17385
17390
17392
17396
17397
17405
17406
17408
17416
17419
17428
17430
17438
17446
17453
17460
17463
17464
17467
17468
17477
17485
17492
17495
17500
17507
17513
17516
17522
17529
17538
17543
17550
17552
17559
17561
17563
17566
17572
17577
17578
17586
17591
17592
17594
17599
17604
17606
17608
17617
17624
17629
17637
17640
17648
17651
17653
17660
17668
17675
17678
17680
17684
17691
17692
17697
17698
17704
17705
17714
17718
17719
17726
17730
17739
17744
17753
17756
17763
17764
17766
17771
17775
17779
17781
17782
17789
17796
17804
17806
17808
17812
17813
17818
17824
17825
17831
17837
17845
17854
17859
17862
17869
17875
17878
17881
17886
17887
17891
17899
17908
17915
17924
17931
17940
17944
17947
17948
17954
17962
17968
17971
17973
17976
17980
17982
17990
17997
18003
18008
18014
18023
18027
18032
18039
18045
18051
18053
18062
18070
18076
18083
18091
18100
18108
18109
18117
18124
18132
18134
18137
18146
18152
18154
18155
18158
18159
18163
18165
18167
18176
18182
18190
18197
18206
18213
18216
18219
18222
18228
18235
18242
18244
18250
18255
18262
18268
18276
18282
18288
18289
18294
18298
18304
18313
18316
18323
18325
18330
18338
18342
18343
18347
18356
18359
18363
18368
18372
18380
18387
18394
18396
18404
18407
18411
18417
18419
18424
18429
18432
18438
18443
18451
18453
18456
18458
18467
18471
18476
18481
18484
18490
18496
18499
18506
18513
18519
18521
18526
18533
18542
18548
18555
18557
18565
18567
18573
18582
18588
18597
18606
18611
18613
18620
18628
18631
18633
18640
18645
18654
18656
18665
18666
18669
18674
18681
18689
18696
18700
18706
18711
18716
18721
18730
18737
18742
18747
18748
18755
18757
18762
18769
18770
18776
18777
18782
18788
18797
18801
18803
18808
18815
18821
18825
18832
18835
18842
18847
18853
18859
18860
18868
18875
18881
18884
18890
18893
18898
18900
18909
18913
18921
18928
18931
18940
18944
18950
18952
18960
18966
18973
18975
18981
18983
18989
18990
18993
18996
19003
19009
19014
19022
19030
19033
19038
19039
19045
19052
19060
19061
19065
19070
19072
19077
19082
19089
19098
19102
19105
19112
19115
19120
19121
19127
19129
19133
19136
19143
19146
19150
19158
19164
19165
19169
19170
19172
19181
19186
19190
19198
19205
19209
19210
19217
19223
19226
19232
19241
19245
19247
19250
19254
19261
19266
19267
19274
19283
19288
19294
19295
19302
19305
19308
19312
19321
19326
19333
19338
19343
19346
19348
19349
19353
19355
19364
19372
19381
19382
19391
19393
19399
19401
19405
19408
19413
19417
19421
19426
19431
19440
19447
19456
19460
19466
19469
19474
19476
19481
19484
19493
19497
19499
19506
19511
19513
19518
19522
19528
19535
19539
19545
19553
19555
19559
19560
19567
19573
19578
19584
19585
19593
19601
19609
19618
19621
19630
19636
19645
19651
19656
19663
19664
19671
19675
19677
19680
19684
19692
19701
19709
19711
19715
19724
19730
19731
19737
19742
19751
19760
19769
19778
19787
19791
19797
19804
19805
19810
19818
19820
19828
19835
19841
19848
19852
19859
19865
19873
19875
19884
19892
19900
19907
19911
19913
19916
19918
19924
19932
19933
19936
19941
19947
19951
19958
19959
19961
19962
19963
19965
19968
19972
19981
19990
19995
19997
20000
20003
20012
20021
20027
20029
20038
20039
20048
20052
20060
20066
20073
20077
20080
20085
20092
20095
20104
20110
20114
20118
20124
20129
20134
20139
20144
20146
20149
20150
20153
20162
20168
20169
20173
20182
20186
20193
20202
20209
20212
20219
20223
20224
20229
20234
20242
20243
20246
20249
20256
20258
20261
20267
20272
20278
20286
20295
20299
20301
20305
20314
20319
20322
20330
20338
20343
20345
20350
20358
20362
20365
20373
20382
20384
20389
20393
20399
20403
20409
20412
20414
20416
20417
20420
20423
20430
20437
20442
20446
20454
20457
20458
20462
20464
20473
20481
20485
20492
20500
20506
20507
20513
20517
20525
20527
20536
20545
20548
20557
20563
20572
20575
20583
20589
20596
20601
20602
20608
20615
20623
20626
20629
20635
20636
20644
20652
20655
20661
20663
20664
20665
20670
20672
20675
20682
20691
20695
20698
20703
20711
20717
20719
20727
20733
20741
20744
20750
20752
20757
20758
20766
20775
20780
20786
20792
20795
20803
20809
20815
20823
20828
20833
20841
20843
20852
20855
20862
20869
20871
20873
20876
20884
20893
20900
20905
20908
20914
20918
20919
20926
20930
20935
20944
20946
20955
20957
20963
20971
20980
20981
20986
20988
20989
20996
21001
21003
21012
21014
21015
21023
21032
21038
21046
21048
21056
21063
21066
21073
21081
21089
21095
21098
21106
21112
21113
21121
21127
21136
21144
21152
21153
21156
21158
21162
21169
21170
21176
21184
21187
21188
21192
21199
21200
21204
21207
21212
21216
21224
21227
21229
21232
21238
21246
21252
21260
21262
21269
21276
21280
21284
21293
21295
21296
21298
21307
21310
21319
21323
21326
21328
21335
21341
21348
21351
21360
21365
21371
21380
21381
21386
21387
21388
21394
21396
21405
21406
21413
21418
21421
21425
21427
21434
21436
21443
21447
21449
21455
21460
21461
21463
21465
21470
21479
21481
21486
21495
21500
21507
21513
21520
21529
21533
21541
21545
21547
21554
21560
21565
21573
21582
21590
21591
21597
21600
21604
21605
21613
21614
21615
21618
21622
21623
21625
21632
21635
21640
21643
21645
21653
21655
21660
21668
21672
21675
21680
21686
21687
21693
21699
21704
21705
21706
21707
21709
21710
21715
21723
21727
21735
21744
21751
21757
21758
21765
21769
21774
21781
21783
21788
21792
21799
21807
21812
21813
21820
21827
21835
21843
21852
21854
21860
21867
21876
21879
21884
21893
21900
21907
21908
21909
21918
21921
21925
21930
21939
21940
21945
21950
21958
21960
21966
21967
21970
21971
21980
21981
21984
21992
21997
21998
22000
22001
22005
22010
22018
22022
22028
22029
22037
22038
22045
22047
22051
22052
22054
22063
22066
22069
22078
22083
22090
22094
22098
22102
22107
22111
22119
22122
22125
22126
22127
22132
22137
22138
22144
22152
22158
22166
22167
22169
22175
22183
22189
22194
22198
22206
22212
22217
22224
22227
22233
22241
22246
22247
22248
22253
22258
22264
22267
22270
22278
22282
22287
22292
22294
22296
22304
22312
22321
22322
22326
22330
22334
22342
22351
22358
22362
22371
22375
22377
22383
22387
22395
22402
22404
22412
22415
22418
22420
22426
22431
22438
22441
22444
22448
22455
22456
22460
22462
22471
22478
22482
22488
22492
22499
22507
22513
22519
22521
22529
22538
22544
22545
22554
22561
22565
22566
22573
22582
22587
22595
22602
22609
22615
22620
22626
22633
22637
22643
22644
22647
22655
22658
22661
22670
22673
22681
22683
22692
22693
22699
22702
22703
22711
22715
22721
22724
22732
22735
22742
22750
22755
22756
22758
22760
22764
22769
22777
22785
22793
22798
22804
22806
22812
22814
22816
22823
22828
22829
22832
22837
22839
22847
22853
22855
22864
22867
22868
22873
22880
22881
22882
22890
22896
22897
22906
22915
22921
22925
22932
22933
22936
22941
22942
22946
22949
22954
22956
22961
22968
22973
22975
22976
22982
22983
22986
22988
22993
22996
23002
23009
23016
23021
23022
23023
23029
23033
23042
23043
23044
23051
23057
23060
23062
23070
23076
23080
23083
23088
23097
23099
23102
23108
23111
23112
23121
23128
23129
23138
23144
23153
23162
23165
23170
23175
23183
23186
23191
23194
23197
23198
23205
23210
23214
23223
23231
23240
23242
23249
23257
23259
23267
23275
23280
23285
23293
23294
23300
23307
23315
23316
23322
23323
23332
23341
23349
23358
23359
23367
23374
23378
23385
23390
23391
23396
23401
23408
23416
23421
23422
23429
23431
23440
23447
23454
23455
23456
23458
23467
23475
23481
23486
23490
23491
23498
23502
23511
23512
23515
23520
23529
23538
23543
23550
23556
23560
23569
23570
23577
23586
23588
23591
23596
23604
23606
23614
23623
23632
23641
23643
23644
23647
23648
23654
23655
23656
23662
23666
23668
23673
23681
23689
23691
23698
23705
23713
23718
23725
23734
23739
23740
23742
23747
23755
23759
23763
23771
23776
23778
23779
23781
23786
23789
23797
23800
23809
23815
23817
23825
23833
23836
23845
23847
23856
23864
23872
23878
23885
23891
23894
23899
23907
23911
23917
23920
23927
23934
23936
23938
23939
23940
23949
23956
23965
23974
23978
23985
23986
23987
23993
24001
24007
24015
24019
24021
24029
24036
24042
24048
24054
24059
24065
24072
24075
24078
24080
24086
24092
24093
24102
24103
24111
24115
24120
24128
24136
24140
24149
24153
24154
24161
24165
24173
24178
24182
24187
24195
24198
24202
24211
24216
24221
24227
24233
24242
24244
24246
24247
24249
24253
24261
24269
24274
24281
24283
24290
24298
24305
24313
24314
24320
24325
24326
24328
24337
24344
24352
24355
24364
24371
24378
24385
24389
24397
24404
24409
24418
24424
24432
24439
24442
24448
24452
24456
24458
24465
24471
24479
24480
24482
24484
24485
24492
24496
24502
24508
24517
24520
24527
24532
24536
24541
24543
24551
24555
24561
24570
24575
24580
24582
24588
24590
24591
24596
24599
24606
24609
24612
24618
24622
24631
24636
24641
24644
24652
24656
24663
24672
24681
24687
24691
24693
24697
24698
24699
24706
24712
24716
24721
24728
24733
24742
24749
24754
24759
24761
24767
24769
24775
24782
24783
24787
24793
24794
24796
24800
24806
24813
24814
24820
24822
24827
24835
24838
24842
24844
24845
24850
24853
24861
24870
24875
24877
24883
24892
24900
24906
24910
24912
24913
24919
24920
24929
24934
24943
24946
24954
24961
24968
24970
24973
24981
24989
24998
25000
25001
25002
25004
25008
25013
25016
25024
25030
25033
25039
25046
25048
25052
25055
25061
25068
25074
25082
25086
25090
25094
25095
25098
25100
25107
25113
25119
25125
25127
25136
25142
25148
25149
25158
25167
25168
25172
25173
25179
25188
25195
25204
25209
25211
25214
25223
25231
25234
25239
25248
25250
25259
25262
25263
25268
25276
25282
25291
25298
25303
25310
25316
25319
25321
25328
25334
25335
25338
25345
25350
25353
25356
25365
25372
25376
25378
25387
25392
25397
25403
25405
25408
25410
25418
25419
25422
25430
25433
25440
25445
25449
25456
25462
25470
25471
25479
25480
25481
25484
25493
25502
25504
25508
25516
25523
25530
25536
25542
25551
25558
25566
25571
25572
25578
25579
25580
25584
25585
25589
25598
25604
25610
25618
25624
25627
25631
25636
25640
25646
25648
25650
25653
25654
25659
25660
25669
25672
25680
25684
25693
25695
25696
25698
25702
25707
25710
25717
25724
25730
25733
25738
25742
25747
25749
25752
25761
25762
25769
25771
25776
25783
25785
25787
25793
25802
25804
25807
25809
25815
25821
25824
25825
25827
25829
25830
25832
25833
25841
25848
25853
25861
25866
25867
25869
25872
25873
25881
25886
25895
25902
25904
25906
25907
25909
25915
25916
25917
25924
25925
25932
25940
25949
25958
25962
25964
25965
25971
25974
25976
25977
25983
25990
25996
26005
26009
26018
26026
26035
26044
26049
26055
26059
26064
26073
26078
26079
26081
26088
26091
26092
26096
26101
26105
26113
26122
26131
26134
26135
26140
26146
26152
26156
26162
26166
26173
26177
26183
26191
26192
26199
26203
26211
26213
26218
26223
26226
26232
26237
26238
26247
26253
26262
26269
26271
26276
26277
26279
26282
26288
26294
26301
26303
26307
26310
26312
26320
26327
26332
26334
26342
26351
26353
26357
26361
26369
26378
26384
26385
26391
26395
26404
26413
26421
26428
26437
26439
26442
26443
26446
26451
26453
26459
26467
26469
26472
26473
26475
26483
26492
26499
26507
26510
26512
26519
26524
26525
26529
26530
26539
26546
26550
26551
26560
26563
26565
26571
26576
26579
26584
26589
26596
26602
26611
26614
26616
26621
26622
26631
26634
26641
26647
26653
26660
26666
26668
26676
26685
26694
26697
26700
26709
26714
26717
26722
26731
26737
26743
26744
26747
26752
26757
26763
26771
26780
26781
26786
26794
26796
26805
26810
26813
26816
26818
26827
26830
26838
26847
26856
26861
26870
26873
26877
26883
26885
26892
26893
26898
26905
26907
26913
26919
26928
26932
26933
26939
26948
26950
26952
26957
26965
26969
26970
26971
26977
26980
26985
26992
26999
27002
27007
27016
27021
27026
27034
27035
27041
27045
27050
27057
27058
27066
27072
27075
27083
27086
27094
27100
27106
27109
27114
27116
27123
27131
27139
27148
27150
27155
27157
27163
27167
27173
27178
27184
27192
27200
27203
27210
27218
27226
27227
27228
27235
27236
27231
27225
27219
27210
27206
27199
27197
27190
27186
27183
27181
27178
27173
27172
27165
27158
27152
27145
27141
27133
27126
27125
27124
27115
27108
27104
27097
27091
27084
27078
27069
27062
27053
27047
27039
27037
27032
27028
27019
27018
27013
27012
27005
27001
26996
26991
26983
26978
26974
26965
26958
26956
26954
26947
26941
26935
26929
26925
26919
26917
26910
26908
26904
26902
26899
26895
26894
26888
26886
26878
26877
26875
26873
26864
26856
26850
26845
26837
26832
26830
26821
26818
26810
26801
26792
26787
26785
26777
26770
26767
26764
26760
26757
26753
26748
26744
26735
26726
26718
26713
26712
26706
26702
26697
26690
26688
26684
26679
26677
26668
26660
26654
26647
26644
26635
26627
26624
26616
26615
26606
26600
26592
26583
26580
26576
26571
26568
26561
26552
26550
26546
26545
26538
26537
26534
26533
26532
26524
26515
26510
26505
26503
26494
26487
26484
26480
26473
26471
26466
26465
26461
26454
26448
26439
26430
26421
26418
26412
26409
26408
26406
26403
26395
26393
26390
26384
26377
26368
26359
26355
26351
26348
26344
26335
26326
26325
26322
26316
26309
26308
26300
26293
26288
26285
26280
26277
26269
26262
26260
26254
26252
26249
26244
26239
26230
26223
26218
26211
26210
26203
26197
26194
26187
26181
26173
26164
26157
26148
26142
26137
26132
26123
26116
26108
26107
26099
26091
26084
26082
26074
26070
26061
26053
26052
26046
26037
26029
26028
26026
26020
26015
26008
26007
26001
25994
25987
25983
25978
25974
25969
25967
25960
25955
25951
25949
25947
25945
25938
25929
25924
25922
25915
25914
25911
25902
25899
25895
25887
25884
25875
25868
25867
25859
25854
25853
25851
25846
25845
25844
25839
25837
25835
25829
25824
25816
25812
25806
25802
25799
25796
25788
25781
25775
25774
25773
25772
25767
25758
25751
25743
25739
25737
25733
25729
25725
25718
25711
25703
25702
25700
25694
25691
25684
25681
25677
25671
25668
25662
25658
25652
25644
25642
25638
25634
25625
25616
25611
25602
25600
25595
25593
25591
25585
25581
25579
25576
25570
25561
25560
25559
25553
25548
25542
25539
25534
25531
25527
25523
25517
25514
25509
25505
25499
25495
25492
25484
25481
25480
25472
25468
25466
25458
25451
25445
25436
25430
25428
25419
25415
25411
25408
25406
25398
25393
25390
25384
25379
25378
25377
25370
25362
25356
25354
25348
25345
25344
25335
25326
25321
25313
25308
25306
25304
25297
25290
25288
25280
25279
25277
25273
25271
25267
25261
25252
25250
25246
25239
25234
25226
25220
25216
25208
25205
25200
25192
25186
25180
25172
25165
25162
25154
25151
25147
25142
25137
25134
25125
25124
25117
25111
25106
25104
25103
25102
25097
25096
25088
25082
25080
25073
25070
25064
25058
25057
25049
25047
25043
25042
25033
25031
25022
25018
25009
25004
24996
24987
24985
24976
24975
24967
24963
24957
24948
24945
24940
24939
24930
24927
24920
24915
24913
24908
24902
24894
24893
24889
24888
24882
24876
24871
24865
24864
24861
24855
24851
24844
24843
24841
24839
24831
24828
24826
24817
24816
24813
24807
24800
24794
24786
24785
24776
24773
24764
24762
24753
24745
24739
24731
24725
24724
24721
24719
24718
24716
24712
24708
24704
24697
24689
24682
24680
24678
24671
24665
24660
24652
24651
24645
24636
24632
24631
24626
24622
24613
24606
24602
24599
24598
24591
24585
24576
24568
24562
24560
24558
24557
24549
24543
24542
24538
24531
24523
24518
24509
24507
24498
24496
24492
24491
24488
24479
24477
24472
24468
24460
24455
24451
24444
24440
24437
24436
24434
24426
24418
24417
24416
24409
24407
24403
24397
24395
24390
24381
24373
24369
24361
24353
24346
24342
24334
24331
24325
24324
24321
24318
24315
24311
24304
24303
24296
24287
24278
24269
24263
24254
24253
24250
24241
24232
24229
24227
24222
24215
24213
24208
24204
24201
24195
24190
24189
24182
24174
24166
24160
24155
24148
24143
24136
24130
24123
24121
24118
24113
24108
24100
24091
24083
24078
24072
24066
24058
24051
24050
24048
24046
24038
24034
24031
24024
24022
24017
24009
24003
23998
23992
23989
23987
23983
23976
23973
23967
23959
23955
23949
23940
23933
23931
23927
23920
23915
23910
23907
23906
23904
23899
23893
23887
23880
23874
23865
23860
23851
23846
23842
23838
23831
23830
23828
23826
23825
23824
23820
23819
23816
23813
23810
23808
23801
23796
23794
23790
23783
23775
23770
23765
23764
23763
23761
23759
23757
23755
23750
23741
23736
23728
23720
23718
23712
23706
23703
23700
23694
23693
23687
23680
23678
23675
23670
23661
23652
23647
23639
23638
23635
23627
23621
23618
23617
23614
23605
23604
23597
23593
23591
23585
23579
23570
23568
23566
23562
23561
23558
23550
23541
23534
23530
23529
23520
23513
23508
23501
23492
23484
23481
23476
23468
23459
23452
23444
23439
23438
23435
23427
23422
23417
23416
23408
23404
23401
23400
23398
23392
23389
23384
23379
23371
23366
23358
23355
23347
23338
23329
23326
23323
23316
23314
23307
23306
23299
23297
23290
23287
23285
23284
23276
23272
23265
23257
23254
23252
23244
23239
23236
23235
23227
23223
23218
23209
23201
23196
23193
23191
23187
23186
23180
23179
23174
23165
23159
23156
23147
23142
23141
23139
23134
23128
23126
23122
23118
23113
23105
23100
23096
23089
23083
23077
23075
23068
23065
23058
23053
23050
23041
23033
23031
23024
23019
23012
23006
22997
22990
22989
22985
22983
22981
22972
22963
22961
22958
22957
22950
22947
22940
22938
22936
22934
22926
22920
22919
22911
22906
22897
22896
22890
22883
22876
22873
22871
22864
22861
22853
22852
22849
22848
22841
22832
22825
22818
22809
22805
22804
22798
22794
22793
22791
22788
22780
22779
22778
22773
22764
22762
22757
22750
22747
22745
22736
22735
22732
22728
22724
22717
22713
22705
22702
22700
22696
22693
22684
22676
22675
22670
22668
22663
22655
22650
22642
22639
22635
22633
22628
22622
22613
22606
22600
22592
22583
22580
22578
22573
22564
22556
22548
22543
22539
22538
22533
22532
22526
22524
22518
22513
22512
22506
22498
22496
22487
22484
22482
22474
22465
22457
22453
22445
22437
22436
22431
22427
22425
22420
22414
22407
22406
22397
22396
22392
22388
22380
22378
22370
22369
22364
22361
22352
22350
22349
22347
22341
22339
22331
22324
22320
22313
22310
22309
22303
22300
22299
22292
22283
22281
22275
22267
22262
22256
22254
22251
22243
22237
22228
22220
22214
22212
22208
22207
22200
22198
22197
22194
22186
22182
22174
22167
22161
22160
22158
22156
22149
22143
22139
22131
22125
22123
22122
22117
22116
22112
22104
22103
22099
22090
22084
22075
22069
22062
22053
22052
22045
22042
22035
22031
22027
22026
22023
22020
22018
22016
22010
22003
21999
21990
21984
21980
21975
21970
21968
21965
21960
21959
21952
21947
21944
21940
21933
21925
21918
21917
21912
21904
21902
21900
21892
21886
21882
21873
21869
21868
21861
21858
21855
21847
21842
21840
21836
21831
21824
21816
21811
21809
21802
21795
21793
21787
21779
21777
21770
21764
21759
21755
21752
21744
21741
21738
21737
21730
21726
21723
21719
21714
21712
21711
21704
21699
21692
21685
21679
21674
21665
21660
21654
21645
21636
21630
21628
21621
21619
21617
21611
21603
21595
21591
21582
21578
21573
21565
21563
21556
21549
21545
21544
21539
21536
21534
21531
21527
21522
21514
21509
21507
21498
21489
21484
21482
21478
21475
21470
21465
21463
21455
21448
21443
21442
21439
21436
21432
21425
21424
21423
21414
21406
21401
21397
21388
21384
21381
21379
21377
21372
21369
21367
21359
21357
21354
21346
21341
21336
21331
21329
21326
21323
21322
21321
21313
21308
21306
21305
21303
21297
21289
21280
21275
21267
21258
21250
21245
21238
21230
21227
21224
21217
21214
21210
21205
21201
21195
21186
21181
21177
21171
21166
21165
21157
21156
21148
21146
21142
21141
21139
21131
21130
21126
21124
21118
21109
21104
21102
21096
21094
21093
21085
21077
21071
21070
21064
21055
21052
21044
21040
21033
21031
21023
21021
21015
21012
21010
21004
20995
20991
20984
20980
20971
20966
20964
20958
20956
20947
20939
20930
20923
20914
20909
20903
20901
20894
20892
20884
20875
20872
20871
20869
20864
20855
20854
20847
20841
20833
20828
20827
20826
20824
20818
20811
20807
20802
20801
20795
20788
20782
20780
20775
20768
20761
20758
20756
20750
20742
20733
20725
20718
20709
20708
20705
20704
20695
20686
20684
20683
20675
20674
20672
20670
20663
20654
20649
20640
20639
20632
20625
20624
20623
20618
20609
20606
20597
20595
20590
20586
20580
20571
20569
20561
20560
20559
20550
20546
20537
20530
20522
20514
20513
20505
20500
20491
20482
20473
20466
20462
20453
20446
20442
20436
20429
20427
20420
20415
20406
20400
20399
20392
20385
20379
20375
20369
20361
20357
20351
20350
20347
20343
20337
20333
20328
20327
20324
20322
20317
20308
20307
20300
20294
20286
20280
20271
20269
20264
20263
20258
20256
20251
20249
20246
20239
20238
20234
20230
20229
20223
20216
20208
20203
20197
20194
20193
20190
20185
20177
20176
20171
20170
20167
20160
20152
20148
20147
20146
20141
20138
20134
20133
20125
20124
20115
20107
20104
20097
20090
20081
20080
20074
20071
20063
20054
20049
20048
20046
20039
20038
20033
20024
20022
20017
20013
20006
20003
19994
19985
19982
19975
19969
19968
19961
19960
19952
19946
19944
19938
19932
19928
19927
19918
19914
19905
19900
19893
19888
19881
19877
19868
19861
19859
19850
19845
19837
19834
19830
19821
19820
19818
19809
19807
19803
19799
19794
19789
19788
19785
19779
19772
19769
19763
19757
19754
19750
19742
19734
19727
19722
19720
19719
19711
19710
19705
19699
19696
19687
19686
19684
19681
19673
19665
19657
19655
19647
19640
19638
19632
19626
19620
19616
19608
19601
19599
19592
19588
19585
19581
19578
19569
19565
19556
19552
19549
19546
19540
19533
19526
19518
19517
19509
19507
19505
19502
19498
19491
19487
19484
19477
19468
19466
19464
19459
19451
19445
19439
19436
19435
19429
19425
19422
19413
19405
19402
19400
19391
19383
19377
19374
19367
19361
19355
19353
19345
19339
19333
19330
19326
19319
19316
19314
19311
19308
19304
19302
19294
19292
19289
19282
19279
19276
19272
19269
19260
19256
19255
19253
19248
19244
19243
19239
19235
19232
19224
19221
19214
19208
19207
19199
19197
19191
19182
19178
19174
19172
19164
19160
19151
19143
19134
19129
19121
19113
19108
19103
19095
19086
19083
19076
19073
19065
19057
19052
19049
19048
19041
19035
19029
19024
19019
19015
19009
19002
19001
18997
18993
18989
18980
18977
18971
18965
18960
18954
18952
18949
18947
18941
18933
18924
18920
18916
18907
18905
18899
18897
18891
18890
18883
18879
18877
18876
18868
18861
18857
18848
18843
18842
18833
18832
18830
18825
18820
18817
18810
18801
18793
18792
18788
18783
18778
18769
18763
18754
18749
18747
18743
18738
18734
18726
18717
18708
18703
18702
18694
18687
18678
18670
18661
18655
18652
18643
18640
18632
18627
18619
18612
18603
18601
18598
18593
18588
18584
18583
18575
18567
18564
18560
18554
18545
18540
18533
18525
18517
18508
18505
18501
18492
18485
18480
18477
18471
18470
18462
18461
18453
18447
18443
18440
18435
18429
18423
18422
18415
18411
18402
18400
18398
18395
18390
18381
18377
18376
18370
18368
18361
18360
18351
18346
18342
18341
18334
18325
18319
18316
18311
18302
18294
18286
18285
18283
18279
18275
18274
18273
18271
18266
18264
18256
18247
18244
18242
18234
18225
18220
18214
18213
18206
18202
18195
18187
18183
18180
18173
18168
18161
18160
18152
18146
18142
18139
18136
18133
18129
18125
18120
18111
18106
18103
18100
18096
18093
18091
18088
18083
18074
18071
18067
18063
18055
18052
18047
18040
18039
18037
18031
18028
18026
18025
18021
18016
18014
18007
17999
17993
17986
17978
17971
17962
17957
17949
17941
17932
17930
17926
17925
17919
17918
17913
17906
17902
17897
17894
17893
17884
17876
17871
17864
17858
17852
17845
17840
17837
17834
17832
17824
17821
17816
17807
17803
17797
17794
17792
17784
17778
17777
17768
17767
17758
17755
17747
17745
17738
17735
17728
17727
17720
17718
17712
17703
17694
17693
17689
17688
17685
17676
17669
17660
17657
17655
17648
17643
17642
17635
17634
17633
17625
17618
17614
17605
17604
17598
17594
17591
17589
17581
17573
17567
17561
17556
17547
17541
17538
17536
17532
17529
17526
17517
17511
17505
17501
17492
17491
17482
17480
17471
17467
17463
17455
17453
17449
17440
17438
17435
17432
17423
17417
17414
17406
17404
17396
17393
17386
17378
17377
17376
17372
17370
17368
17362
17357
17352
17349
17341
17339
17335
17327
17321
17316
17309
17305
17300
17295
17286
17278
17269
17262
17256
17254
17253
17246
17245
17238
17232
17229
17220
17215
17208
17207
17204
17195
17186
17180
17176
17171
17163
17158
17150
17149
17144
17142
17137
17129
17126
17120
17119
17118
17112
17109
17106
17105
17099
17095
17087
17084
17079
17074
17070
17061
17055
17052
17048
17046
17043
17038
17029
17021
17019
17011
17004
17002
16995
16988
16983
16975
16969
16968
16963
16960
16956
16951
16942
16937
16929
16926
16921
16915
16914
16912
16906
16899
16890
16884
16878
16870
16863
16855
16854
16849
16846
16844
16843
16836
16835
16831
16824
16816
16813
16811
16810
16809
16804
16795
16794
16787
16781
16775
16773
16767
16766
16763
16758
16754
16753
16750
16744
16743
16735
16728
16724
16715
16708
16701
16698
16694
16692
16685
16682
16677
16673
16672
16668
16664
16663
16658
